,Adagrad,CloseForm,GD
0,25.499374410680165,25.326107450922912,24.531581442626774
1,64.51552074427212,63.51525145553768,61.86187596596848
2,19.105967966874328,18.8968880535437,22.1534802736077
3,28.86426411448602,29.199515021787143,29.191094662630462
4,9.304040867406329,9.207688920341116,9.790288467218481
5,31.64039739941095,33.51912721013008,26.184156116083905
6,41.30193444274282,40.977873412127565,41.214896459904224
7,16.848547396014965,18.18573981379054,16.771014460076398
8,51.5339460272202,52.68451789737726,51.18642793066195
9,32.72907886884697,32.306145118056094,29.9439021768751
10,37.90973027420536,38.44218823749688,37.86007169689085
11,58.80247044433599,58.99825879310704,55.11272140963908
12,35.42395927373964,35.42465247249431,37.34244715856107
13,40.01067076203338,41.68032295858029,32.02896049543889
14,28.27531985053368,26.426910674996286,29.882046142057384
15,12.197927649783727,12.980885070491322,11.34005372603784
16,51.370157073440765,52.012878524258056,53.59862469616061
17,23.11457308237502,23.94653347570298,21.489042117075734
18,16.59509777349684,18.303774978668308,13.52953463274861
19,18.211725718564885,19.35195858557432,15.223443126253274
20,15.532184894816996,15.896275544570553,17.769974600369082
21,30.144341595830234,31.436335451187084,30.391106782399138
22,39.51971707896076,39.25182244151139,38.944816413881
23,10.137273628925174,11.17821461871909,12.426781979612521
24,61.19445429296124,61.22125440152189,61.06560120397616
25,46.2592498765976,45.76804693857416,43.72896079608539
26,27.26005123573896,29.005504525379767,24.87760890557259
27,7.2923405494418745,6.1091058500553785,8.303108128182565
28,29.39901742351575,28.62220590418198,29.713881165214634
29,35.796496775965686,37.312982595706394,34.737504347068224
30,18.03274593012453,18.31807198933761,14.37560846363029
31,11.571883230684438,11.245570944603816,10.673144831573557
32,16.73038421072707,16.454661145786186,14.908471154411853
33,7.6771858138979345,7.675719748440861,8.107396413302286
34,16.09360362602952,14.985189018429207,16.021045533922823
35,42.847003583019145,41.851496651083224,43.79706805851377
36,22.233285694555597,21.8007422952346,23.603370235474678
37,27.60542922819388,27.61250622352967,28.22457598416449
38,10.127699497038655,3.718252871893,12.281137129892777
39,57.73630041706468,59.536226907099774,57.211696449885636
40,46.923005705298756,48.13531937430076,43.933087846102225
41,20.064553811723012,20.289611230340157,24.42855437558082
42,53.21199647507509,52.572844658286535,51.585449339732165
43,18.472813136492743,19.19592073808875,19.187184482775486
44,44.29363571552076,45.309440553645956,40.72797789998724
45,49.92935299753305,48.547395445848004,51.08019771293848
46,57.89181226442679,57.337102284837655,58.12516973538199
47,40.93237937593328,41.6252675953325,41.30452968108972
48,55.16779218676339,55.72370167189092,50.5855406720299
49,39.48412343771377,39.79387376865243,34.64202799610224
50,30.653120733840332,30.769438802950503,31.394632604506853
51,23.594119689620335,23.65357331929701,21.170484461608538
52,40.51033258023436,38.85526309184244,44.24121845443682
53,24.499457193799373,23.2210060226501,24.64306828017982
54,37.01981368902662,37.27481423906144,34.457542782919965
55,38.56051661802654,38.64425561799141,39.280423115511105
56,24.52892229533627,25.57871724014898,24.22810139266175
57,21.34828701161963,22.085900403759254,20.675230573208296
58,35.619846700627185,35.47174022037016,37.778319055862816
59,32.69363445478984,31.735776833483257,35.11842970315419
60,12.576173201519198,13.279837329782618,10.258166938532488
61,22.943340599153583,21.68363951886208,30.627913226975885
62,31.79231821378686,32.369085707690914,30.826087136374817
63,53.050304511835705,53.71073999907693,46.57974830988985
64,50.066657631320645,51.09276685534756,48.22967841274507
65,26.023570708415914,26.019214783924365,26.711764394876532
66,38.188887524288745,38.16536867684989,36.98381832751112
67,52.234677864418565,53.26509448793989,51.54895316148678
68,29.18141311796889,29.023940545147944,27.48735705669455
69,39.12952097299275,40.30414682121737,39.59850357210802
70,64.94987335043814,64.53252753098221,62.25780932202083
71,55.44197435485382,55.56112979836769,57.377519988618914
72,42.44207263259071,41.823237275405916,39.698608811977934
73,14.210013072720058,14.12120976889155,15.186953629819701
74,13.954042618412208,13.855161099649198,12.998953562634204
75,35.49454135514111,36.199400958276556,34.69747294366138
76,62.978713286063496,62.89152617486607,62.51563822451064
77,2.223281385598301,2.618529477775347,3.1747932859062287
78,41.71291093282403,40.73867956054595,43.44276429951006
79,41.90090450291974,42.365426262245585,41.61470814840382
80,8.705968766530976,7.79077005302986,8.767674489354985
81,21.814556430657916,22.762187089548117,20.312926830154368
82,5.936044857560316,5.385380114303686,6.111368275978617
83,31.345587781840784,30.425016683349746,32.95456143989765
84,8.53426879286565,8.692695232027592,5.9830543441485595
85,4.981459211734367,5.582693771649772,6.534560848989145
86,16.84815467298755,16.83620857365805,17.179442487991246
87,11.602694755607445,10.354495553346148,11.777174518518784
88,18.899110387778624,20.466618413194524,18.678879517659755
89,23.1754962891778,25.572634915911948,20.987006888452733
90,35.253337449136694,35.29539119916234,35.21494568440307
91,12.31868183349888,11.690156177122255,11.500075868546448
92,11.95028052827502,12.57056562257679,12.776638407919922
93,9.840024841650035,9.253411963316362,12.067807509010109
94,37.59412142904066,37.32441092016304,34.77151331399551
95,15.284417275994297,15.13050394843922,15.074689394095989
96,17.120018524213634,16.460952301631266,15.158406561852209
97,9.19243013191688,9.224896585792635,8.500035190599151
98,10.799897948233827,12.010281855591995,10.16065022366999
99,4.559580784660103,4.87578581184372,9.496840929793958
100,10.35281912165568,9.69917162552317,9.063063487301502
101,18.653734063011303,17.978897738514995,20.64989667945646
102,11.714453879738612,12.395114691251683,9.456345557806745
103,8.833915577423856,7.85571089313844,10.72270468868715
104,12.65989308242982,12.95588689440586,13.638897850366657
105,36.84289925764687,36.27783758797017,33.206036592745846
106,24.151327322592042,26.59819722936864,21.297173626528032
107,7.971784598056356,7.424445872526245,9.386762540924753
108,16.855663063417865,16.88937740414794,21.39587414098712
109,15.527767043712323,14.922794763805712,17.72804551613376
110,11.587979576197727,12.245867105640578,9.872800144342682
111,15.546760675808807,17.185606663046137,12.49340327551909
112,16.53152345464354,16.105503854266395,15.940258777196593
113,25.448592975537004,26.64777782361992,20.83596663203369
114,19.587053042819328,18.96619476145936,20.454006203801196
115,15.97870684768298,16.516790230590402,16.748342903061392
116,7.575069947175432,6.094668917792841,11.305310519663886
117,44.96803596002832,46.40366176620405,39.25896772452373
118,26.061403014019444,26.996914972881505,23.221683742639655
119,0.6203382507015482,0.5186296866030613,2.913272089837721
120,-0.09754582672390277,-0.9908505137769055,1.3876342008985167
121,10.326477658690813,9.344418855775775,10.006221547199718
122,12.524877883218513,12.77676294989523,11.434726498852056
123,12.257945680632979,13.007828896539912,10.488944357697731
124,7.441338094987472,7.776066552223172,7.3082201073168465
125,25.046483175230968,24.90882723506153,23.989460196382318
126,22.718230431351685,20.70137618456162,24.339440782778773
127,9.528699669568612,10.129030701372198,8.64350303169873
128,20.055582952623418,20.75041421999023,17.273789173294112
129,13.70856769494546,14.097247524676138,14.025720192707496
130,-0.4640294923666335,-0.3640288596531116,2.442026057487051
131,32.3559644856428,33.1119422064613,29.66465131335963
132,14.881047555504928,14.201272534216734,17.430566195264262
133,21.261374990442064,20.424780818348502,28.42088419570429
134,26.639515737089162,26.194472504038455,27.678696739916013
135,24.747949082781666,23.873484189757278,24.776940489823602
136,9.808289332392135,9.966753375930434,11.450486254423968
137,22.036603384363573,21.004447999844437,24.284769027237754
138,78.68900347276144,78.57279062936533,74.63165215337591
139,61.60179532394481,60.03235321709745,66.48900038422906
140,26.951325593019106,27.13389990722666,31.331072180754937
141,18.810696745216436,18.21199907002216,17.897074239702814
142,24.514153366128653,24.644712930172382,22.356837188968687
143,7.3594747725816285,7.2194158833810995,6.933690989983685
144,13.307301204483453,11.735468814668568,16.037530525711965
145,9.752010301922647,10.06936031406915,10.430281641526914
146,19.38222454328045,19.625038579130152,17.807464203027852
147,7.410018243183684,8.19846631099235,8.134945991278425
148,12.740685132970295,12.862225736735063,10.602522699066956
149,15.966867343767522,15.465055039597289,14.572778447993073
150,46.32837144702519,46.32951253665797,38.96231969990532
151,20.532622629641185,21.889200233984564,15.984960766205436
152,22.035486158145687,22.04312015351058,21.359409500761377
153,14.360762795818871,14.928799909472371,11.942523544344073
154,13.941481423124351,13.962872377079076,17.43490033682555
155,23.727703928379327,25.15957695608437,25.838452588288305
156,24.92486095071626,25.58093843906632,20.054144528455197
157,36.982541259601554,36.157218715994624,35.34517500943837
158,3.7378445033440055,4.586953359983141,6.0573814938963615
159,23.0126014799366,23.348823521056666,20.022290344538362
160,42.132090870869746,42.27474789251474,42.02808082943089
161,19.27982794346005,19.62801395840983,17.910563525332456
162,62.15636396963508,64.28685483766499,57.65945410637414
163,16.806802589824315,17.12506896398737,14.913241698297771
164,33.81598885492777,33.740716073073465,32.208542194605556
165,24.418116830433082,23.268542778449063,26.264797560928898
166,22.46829731898767,24.44116972320633,22.654317145492847
167,0.3687774729950343,0.14893924609945985,1.0020695084471312
168,68.00362529042046,66.65302870595559,66.83598414710893
169,15.986709293687225,14.959395483931495,16.872323884638092
170,15.813184037389473,15.911392311229893,15.035826896436769
171,70.64185540360671,68.5350488089798,67.83104652559933
172,20.760086538069533,20.363814011266005,18.883849678807117
173,2.009107692145928,1.7041339264169881,4.336121457323069
174,23.85951586388915,24.460540041609633,26.941665550777227
175,-0.1991781391562002,-0.5008017498803741,2.093748683648028
176,8.209385411506515,7.345329326494602,9.38874735190248
177,18.229051027167298,18.47037734663629,18.434260104663405
178,21.988388608799468,19.764236984602586,22.260480822743414
179,24.907340123280065,25.05048934328604,20.28987867301904
180,43.006245690175646,43.33900852317207,40.817255702528435
181,33.148882855961446,31.474928907363598,36.15911672861587
182,29.62573935211565,27.591894144411746,33.82343146654719
183,14.091918575589688,12.56796132909503,16.708870175854177
184,7.440269205854078,6.385602947803256,5.706014374391046
185,42.10434726369687,41.90579855361162,40.50466939310125
186,36.0955297596945,35.92612060786364,32.5170044125509
187,34.07306325492439,34.98457426613612,32.99134417938938
188,16.187975655350478,17.45657567421398,13.457308672799098
189,24.067167165176077,23.322205545117356,23.92700211932126
190,14.333896892638544,14.695874147283169,14.334426678214523
191,15.388466557769005,16.25499268689892,14.874161361184623
192,30.447286646365427,31.268610371767906,27.298092035169716
193,73.02873854327252,62.092183727530625,76.29506243004062
194,30.643216281722882,29.050381131895655,35.18778576368916
195,10.847685981455582,10.448532897721343,11.41432786198799
196,62.77102356464685,63.608560555150305,61.64643879925258
197,16.79865063219405,15.712118045841027,18.866574624756744
198,20.09871869343383,20.3223520636653,18.296912558098818
199,20.91564186543773,21.007582041530384,21.321981293176307
200,123.67204039640076,124.13452800891565,115.59045499497506
201,22.84326568035915,23.495809452859092,22.46132383317486
202,58.38502004124272,58.687748743370335,58.20729660227459
203,4.9477876250924355,6.509798108639053,6.125713422806627
204,59.82507794431153,60.34864312447223,57.5950386484476
205,35.33903053143212,37.26650437153006,30.19012336970423
206,14.831931194839733,15.190952753230224,11.83078385629743
207,14.388607629395176,14.256272539916235,17.919811325286535
208,61.5565842769399,63.26226828622509,58.897570019890296
209,14.141197477726557,14.512677020554637,17.88834138890498
210,37.325389141223695,36.101708730747646,41.99002957136105
211,68.53920629538756,69.0542776385009,66.58372503446074
212,18.7864953414511,19.06482638754497,21.66896420174202
213,113.62907498127612,113.31379965199498,116.03224046378587
214,40.71314367283516,41.429994726908234,39.45882293007042
215,76.8104882987283,78.60465896302311,73.68111636038051
216,91.74828723419873,92.51415471425796,83.28285681959873
217,71.19738087294763,72.3504174716393,69.24306209361433
218,29.82982865654064,30.78368788718185,37.427691502153934
219,19.907599695213953,18.646682784231338,26.46275688042315
220,30.63756302774449,29.63444783046213,30.483488644027624
221,57.260538426104674,57.80663616196911,57.44312098559625
222,26.5164539637371,27.97183232715093,24.235811923256126
223,38.31815545728725,38.30336742952169,36.55592200428568
224,42.81077690975275,43.82908732384918,44.632281949585646
225,10.079004662976985,10.487205727439209,9.36301920128848
226,5.426007665598905,3.36885290123554,6.2266883530422685
227,81.1794900936798,80.4968017913713,76.99881697873937
228,30.200712853016025,31.266917211360465,27.26932885639473
229,1.537024971013511,0.9305264855522886,3.041221419630527
230,40.43583132259529,41.15268450176688,39.3056683309049
231,15.38659405696152,16.419957255581927,12.568106492670426
232,22.055492369217724,21.995100383786294,21.736395659468563
233,7.4031978123054225,8.191950353301529,6.096999008592712
234,15.092978651641706,14.306297701568301,17.160897769908086
235,25.420561739117097,25.442068308028947,21.985141554255538
236,13.928641348739038,13.751781107869041,15.407562964081507
237,3.030265432216292,2.568500803042525,4.455242237514154
238,22.143096521039183,22.011373414860778,26.01403146785906
239,12.569769312865951,11.157017132614918,13.599694569706479
